$ANSIBLE_VAULT;1.1;AES256
36643334643735313132323166626539316131383264663732656433353935323231353064383230
3362383438633130636137316331613665316138623732610a386237363634333034313464653164
66663661323363653436393530663030343866353434646532366231393838363235303032313239
3335346435333630660a636539666438373531343066373762353566316263656533373634646230
35306265303166633564313463343333326538663563323338663762633431666465303661353633
65643730326238643533376263653632393465633337346663643365643762333662303438303236
39333962663530386130616465636635363262653538616435363131393831333530353939613163
38373033336639366136646437323432336231393065383237316564646633336530303435653832
31303963326231626138373432326239616432663962376638386638663535626635346635336562
63316532383538386239343766363632613861646633643061616337633161643162656638376535
30323264613636613730376466633439633064316632626638346636646233313230623233363733
62323065373239373332393362636530313837323363383432356164316565626332643465663138
32653439613930663565386433383835613637656430666636316135626336656231376261613630
63646434343238313439666132633361623863666636653163643337376138613533623136366637
36616132666437356132306133653666623138353037386434356437393335346338353836633665
32353439346564623039643835623764643133346333663561356434623266343863346637633237
39623664303463393732363333313230356335613865323130326363353233396562303032646665
6165316362393333646630616535653539653838303536663538
