$ANSIBLE_VAULT;1.1;AES256
31326462633363623565323136643831333834356236643261303836333934643737343161626535
6166333961363134336165633134333362343138396666610a663235366665666465386266343938
31646331353730396337333761316435656661386434326338376434343339623130326266386262
3230323932646266650a623130346634623662373938383662316266373136306261373265363034
35663437623534633362336531353937343563313562306233383766336561303161653532393363
38666661663361303133356536646637356162383030363766653463313933323861666331643961
62633161626130313331396535666439396533303238386439356339306666633966353863316535
30646632366362346265653330663134343265336432333665356465653665656431363666323731
31303263346234303534316335373533623261623434663339306635303434396235313266336266
61323061393137376139323466363164663639653365353736303134346564663263316534326535
66393833616331633733346533373361623537333062313466356530613937326539386331363132
31613534366539663930346633383064663064613334623865396336633035643239626634336663
62343935663539643832646263383864323933323530616466313630646235646535623532396330
63623830356534393733313565313964636134343432656364383035616535666264303533623334
37366334633531333262363837623063323236333830363037303037333833626131326164383638
65326166353631623234383862626164623531326531366330616637356133386463633763663631
31616266336465363836653237663431356633396438663032326664643836613765623566393164
36353438663662613834356664653130333762656435613639306139383738663862313565653738
64333532346161613930313166313564613866393861323533656363346164656562363832343036
38323361373864666631323239396432396562343462383262616137303261336665356131646236
63373831373932626465626237613636336536346232663234393231393839373061306262383031
65396531396665326363643364653963623534653565363037316233303138656362663166386336
37613762303931636661326661626264363037346138616637333664393534373266303463396337
62663364373730303836393039633562333763343533386332373634643034313231616439323934
3461
