$ANSIBLE_VAULT;1.1;AES256
34663662623566666331643036323133343363626336323436373333363661633237343461646464
3063616635353465383663643262303434336362646461660a633839333964336432633034663034
66356166353864323133336336633862333731316565633364343335363631303366363434386664
3339636164626530660a653830353638333331313237316630373533306165393430323136653763
63356434613132336436393364326164666232656361376266316533653432656132313336353736
30633832666665353032326432663037646330393735663763313664666432333133336561383563
64353234376131313535663361636530623765643033633434306239363566623865653532303839
30313731633838623063326431363438356537313337356437343638653463663763376230333137
65656463363938303033393334643936653538663733386133313763383233663930343262653536
38626431633461643437323537326435623336636331616430366563333333313437623262393830
37626639356265323936623664653336373038353763363837666362663939323964353062386263
35626632343761616237333331666663343532373166313836316338343665616132633533316232
65313433653963623337653363353465313930363137353962383838623064623337303339363264
34366466343762336431663838656566323733373630623133643136626436323733306130306435
62313963336236666231663938376532356537333338633432396438666433623431336235343662
61316331333230376537616462313337373839326338393131326663363535333933656564356330
30626161323266643935626664616361626136396164323634613864616338323063363435316533
61376163616536323438353631363163336434653438326234633633643436646638303263323566
66366539366439323333646332323966353463363837633934373135373830616566363333613564
39636532346566646161396234333632316530653963306464623965663333396332306363306339
36323666666666333166353664396430373865663266366531663063356263303431306532373739
63353535393538313361396534653164353164353735316231613139366133303339653436613564
37653732386163653537343338353231613933383132646436663465613333353639303761373539
61323838643436363763636165386333656431643461646537333434353835666466653436656532
63316332393431396231613634653365373736663964636534643530373532393236323831343330
62626431303434393066613763303137363330396434323665643532303231616331323161666533
64376664393736653436343639313035633732316633346466623662383133646635663864663532
37643539333739646139383732656333613934633938376263343338636337623536366434646564
37623439633066663461316435633765383236616164303633336462366662383162316665613531
36616565643264366666653966396266306561646265313133353866343830393130323463373030
34346134353336313036646139653130633634613237373231343333343164303561633166633563
65383331343530333435656166643866306163666132623339643865383536396166313035363536
36323531653533653836636162333561336533633837653836373462633239623836383262616463
34306661646535393138643461616539666635346562363831613062363766356436316431346237
35353466343262353434626331366564306366656464646436393062386438383336613031363536
39656564336539646663366130373832616465323438623330373536363330306333663732373531
36313966326233646631373134353639306134313439306136306533626563343264323737653434
34366439363966383334646562663461393865623466613566396637333832376137353537633032
39666331376338376134313537323832613964383365326331656639623664356466303663376330
30303664393238613731333937323232363337313838646230356233343234313333623436326165
65326435623464643664386531623666333634666538333335633937373630613532373366336337
38396335303332363232666436653732303666663430383362336362666437346535333562626564
65303738626534346332646438333431393961656236383739666533626333303537303633396537
33663233393535346632646262323837346237316537613833396530316266323438616434643165
32613037643235343664306339663132643135376362643832626366333834663565326237633132
39336466623434666531363963656230653237333730386131303966316561643264393235663462
63663761323066663032633339663264336336303538333330383235643432326561656533373730
33636133633837306139343830633433366135306365333334333432326436646365343734323131
37353365306535333930366339626637663139636662666165353133343466383536653565396435
38393164613665656233656234616365356435376433373431396364393632303466633163626363
30393334626530663262336163633030316164646362316230326261646336643135386330626330
32613337656339636437313365363232313861653862306463316438363336353730616534613766
33616263393230303737623030316136623235636238393135663464616565303562663761356536
37303236633633366263303331633466313761663066666330356536336138663230343936663934
61303132396664623134373137626435373539346262363939316136666366313037373737346132
30386638363731653364633732656334653235663463613565333063663536636566346139663135
63376431303331386163336231303963376165303339383639396433616336636232393063636531
39326363633435663336643431323965616263383764623131346262613932636335643038323366
37326136366432353262356639336261646664353463313864363433646239333562396237623063
64666237303437333337323265333832333466383663336439636164336336306262366434303135
32343632666263383562626638393038323166646139653531366536303664666665373435313632
36653565656463623863623531626132333839333931633937323535303137373961643864353734
32366432376632376661333534396131643731313764363766643630373661386433373933626565
33626337323963353230633562643037386666616263636164303638656539653465383534363736
63663666323061333461646535633832623765646162303363393963663137636233343634656435
64393037373366356665666537353265336561373763646462623366386263616531303530373136
33303431353737613237663235386362386638316561626439623738393862363966623861333563
65373039306334663037386632303339643561336630333637636265386230316566303335636163
66346631326336616266623864613264376130663937636466653537393332353962353035346132
62313233326536343934303830613838303163613739396362663930343233323032363766373838
32613130666435353063303862643937303832333836366135623461396331633932653563346634
61316465646531646336633162323436343731353331626535656439343233333433363535646262
31306330353133653230633762376562316235373764643534323432363931353135303234303362
34633561306330383632363637356638616237363030393864653936343831623331363138343231
34396532386165386333653464623737653739316139613837663539396339346565393634623261
64633266323166653466326438613331633837316365363631633863393066363633663762653132
39636363633362353938383834373033346334383231386265376461386239613763383535373836
65306635386436323136393330636632343634613837346666313132343732626333353661373535
33323739383666353133353737333365653634306335653433626534323037346538333435346563
39616536316237653765306330323261646438633132626362366333323532613630613332333765
64666636613962663665666538656264616336373864346464326431646637306534626463663563
39336666316130363066326237633163386263393337626532623538316337663565346262303766
36636534643431323438653165666562393236663638356230623763636634333663356461373561
63616364613164653037303032303435666461396165303231666334353664393834646139373537
31393434313163336336623863623266316635613931353564303537633165343031623864306663
31356135613762663261633462393366643264346433343136366439363532303739626362393763
66353335343133613936373438313762613735646334626466626437316534376236623537623363
34323033393663363866323165663466376364336363363761383039666635346639303336613533
37313532616333346632303464623461373931353266616239353331396265386636653533383032
63613836653533613063306664363534333935613132323932383438386362613833323831643561
66303661666534373139323039356239373135313933346232326134343638303763623636623839
30643436363237626264646532373763353062363138336131316662386361316238343063643333
32343563653933646239393462646565303965366235353331666437663166653363323931393831
39363466356666316164326132303834343439383635653839643231626134636331643265616331
65353164313830626330343234346164636466383631336463396131336430356236653963373634
66353832653631346662343439666664343736303233323661343933623339336133306564363839
39306462336532343866363339363262366139313036653631316464396130333532373062646433
62313566313735633763633761646666623466363762313665343764613465356666363136356639
32383139383630303239336334616434646164353565333565326238643131323936333439336338
38366362323562386463353030333566633564616439386166656233343138643837663761653634
36313635633638643830636465396638343262316136616564623866653038616163613234666130
66653536623934326664326235316364663536316639653461643138623164623166616632313531
36346630393330333939643033303836653334623137313135363032383466653331616635343666
61333230666130626261333131383063326637376236376536646137373633353861306261633032
39656663633332313161303563343563356339623933343938323937393966386361663731616266
32373533636363653763386131313636333638326535633864333139626261333232643662663065
38363639353035643734313533393735346662303361316165666565653836333462303737323033
62313739306361306666393661373339663132636562653038616661333863383063313466363030
61343532666265646133343531316564316133643165383534636336656464653535303630383530
35356161656633663738363338356337656430653562396233633635323066313033316466343062
37623036343731373466363365613031613038306637383164626536616333386562346635646466
33366664343832636563316133306434353434623062366239636331376163646630356332653764
31303664653264306131363731373665633564346162383463393664313730333131666533393733
30646561313831336630613564346132333531386331323438356635373064316332633632616536
30666437383531623135336334306633326136323866626132313864636561383636346533646639
35383837373465356361303135366362363734326236346363626438373162376339383337376634
30613738386166343137366331326131656532623539316533653363336634653934336632623130
61313537643665663336386263383839383637383662343138363265623039313064653165613064
38633432623030643566393736333431643837646631656562306432383634376436326366636564
62636564373463376665343535343431393063373561633165346261666130623536653530653936
38306165383034333036646133383761313338656536323533343232626338663632326639643830
31313761306232653761623135613764343962366334313231326266656434313066313733613430
31353862643165396233366235333637366466653839666531636134613066616663303239363733
63663837333535643635313835353030646135323963363033316563616432326536616566616130
33333432373162616261333934333331633838646438353864623434623364616639353532383365
31303930376532616566666135323939353465663834313136633032353436646533653631383563
65626331313334396338393033316530643464373237353364373633303233383461653531643135
30373630306330323238326464373737633035363438306130623538396262336363666638363136
66666238336239373231373836333966323732346634316636633230376364383565663832313239
61333236623331353131613933366130333063356131396335666663666233636266636338646266
63346436343961336230643566663237613135623263333836383233396365353338663537643561
33366239303638313639396331346633313233623339653933366530333130623364326363376231
35323066313930343933306564616366346630633431633563303331346131336365306330626438
6238623965643533653762313965373535323639306230376665
